30 1102
1 9 106 1 94
2 5 97 6 95
3 10 111 19 95
4 30 88 22 87
5 2 112 23 95
6 9 92 29 87
7 16 104 4 94
8 5 115 3 100
9 28 106 12 99
10 8 105 11 85
11 20 122 17 97
12 21 112 27 106
13 6 106 15 76
14 7 111 24 95
15 25 112 19 94
16 13 111 26 104
17 18 112 14 111
18 15 112 12 103
19 1 112 20 101
20 13 104 7 88
21 6 102 16 92
22 21 139 22 136
23 29 99 23 71
24 28 113 2 103
25 9 98 5 94
26 1 97 4 94
27 30 118 17 113
28 27 102 3 75
29 18 95 8 78
30 10 112 11 92
31 26 132 14 114
32 24 110 25 92
33 29 97 12 76
34 20 117 30 110
35 10 134 19 120
36 15 101 3 91
37 24 101 25 90
38 13 114 26 109
39 1 94 4 92
40 27 95 2 87
41 16 109 11 89
42 28 106 17 87
43 5 92 22 87
44 21 117 8 93
45 7 103 14 93
46 6 107 23 100
47 17 103 3 96
48 27 94 20 84
49 11 110 21 105
50 25 106 18 101
51 10 119 15 69
52 13 102 24 96
53 4 130 5 105
54 12 94 9 82
55 1 98 16 92
56 22 103 19 94
57 28 102 7 91
58 15 103 26 89
59 8 120 14 109
60 12 100 2 98
61 30 102 27 99
62 1 101 3 87
63 6 96 20 86
64 11 119 22 114
65 17 91 23 87
66 28 103 21 98
67 24 118 26 97
68 25 108 29 92
69 10 112 13 108
70 5 104 21 98
71 16 96 18 84
72 4 108 7 94
73 29 96 8 84
74 25 115 15 96
75 22 92 28 87
76 2 118 30 98
77 6 108 23 102
78 14 104 3 98
79 17 99 20 92
80 1 121 19 115
81 12 90 16 87
82 9 100 24 92
83 10 119 8 104
84 11 116 26 110
85 18 102 5 93
86 22 105 23 97
87 1 114 30 99
88 7 107 19 98
89 17 94 3 86
90 27 114 4 94
91 29 89 15 79
92 10 103 26 94
93 11 109 13 105
94 6 101 12 97
95 20 99 14 95
96 16 96 28 76
97 21 124 24 103
98 9 120 25 103
99 12 97 22 84
100 5 111 23 88
101 18 117 1 107
102 8 108 25 104
103 27 106 26 88
104 10 109 9 95
105 13 94 15 92
106 6 118 29 114
107 21 125 30 101
108 16 101 14 88
109 20 111 28 109
110 19 120 7 105
111 2 99 17 83
112 4 104 18 95
113 22 101 14 99
114 28 119 23 103
115 4 95 20 93
116 12 102 2 91
117 1 106 19 98
118 7 118 13 108
119 3 106 11 98
120 10 100 15 84
121 8 103 17 102
122 26 101 9 92
123 27 113 25 101
124 16 92 29 91
125 10 129 18 116
126 24 118 13 104
127 12 107 18 103
128 22 102 29 93
129 2 106 1 93
130 6 90 20 84
131 28 100 19 81
132 5 102 4 97
133 21 102 23 85
134 15 101 25 100
135 7 90 14 82
136 8 107 11 98
137 26 111 3 109
138 13 101 9 96
139 30 108 22 99
140 7 110 11 98
141 17 108 6 105
142 27 92 23 83
143 24 105 8 81
144 10 107 3 99
145 20 95 19 87
146 15 114 18 106
147 4 106 25 94
148 29 97 1 96
149 2 100 21 85
150 26 107 28 101
151 14 97 9 85
152 7 92 23 86
153 5 96 12 95
154 2 111 11 95
155 15 122 21 114
156 27 93 25 80
157 24 120 14 101
158 30 115 17 86
159 9 104 6 99
160 18 103 16 91
161 3 90 1 88
162 20 102 4 94
163 8 115 19 98
164 10 115 28 110
165 22 104 18 101
166 12 112 23 85
167 4 116 3 111
168 7 106 2 102
169 1 103 26 97
170 11 108 25 103
171 21 110 19 103
172 27 109 8 98
173 29 93 28 89
174 5 103 24 97
175 16 116 26 109
176 6 115 17 100
177 10 124 13 117
178 4 113 23 88
179 2 120 3 95
180 19 104 27 90
181 9 96 18 86
182 20 93 21 90
183 15 96 11 84
184 7 102 29 93
185 24 114 8 107
186 25 102 13 91
187 10 106 5 94
188 28 102 14 91
189 26 97 22 91
190 12 123 17 86
191 6 109 1 97
192 30 97 9 95
193 20 107 11 102
194 16 96 23 91
195 27 92 15 82
196 28 91 13 80
197 19 122 24 116
198 3 111 2 101
199 21 117 7 114
200 10 118 8 105
201 25 107 14 93
202 6 117 22 103
203 4 127 26 122
204 16 95 20 78
205 17 109 9 88
206 18 100 23 95
207 27 98 24 84
208 21 111 29 89
209 12 123 30 106
210 1 121 2 97
211 15 110 7 96
212 13 111 8 94
213 5 93 25 88
214 10 111 14 77
215 22 100 20 91
216 4 101 30 87
217 2 84 23 80
218 9 104 16 81
219 28 103 6 99
220 15 102 11 93
221 26 129 17 118
222 18 99 1 95
223 21 110 3 99
224 27 88 7 83
225 19 120 24 114
226 29 102 13 91
227 22 114 17 90
228 6 95 4 90
229 2 111 30 78
230 16 97 20 78
231 11 116 23 114
232 12 104 5 92
233 21 103 9 87
234 1 116 15 101
235 27 91 8 80
236 10 135 24 116
237 18 101 26 91
238 13 111 19 90
239 28 84 30 82
240 6 90 3 88
241 7 92 8 81
242 27 108 1 88
243 29 101 19 87
244 25 108 14 96
245 10 120 26 101
246 4 87 17 82
247 13 107 18 99
248 3 87 9 83
249 22 110 2 91
250 24 107 28 102
251 15 92 23 84
252 11 116 20 111
253 12 107 14 103
254 9 116 11 105
255 2 105 16 95
256 1 106 21 100
257 5 92 27 89
258 17 92 8 74
259 10 106 29 103
260 26 112 7 98
261 13 102 25 87
262 30 97 6 85
263 23 103 14 91
264 3 94 24 91
265 15 113 19 104
266 22 96 18 93
267 7 115 25 112
268 14 108 30 104
269 10 116 4 99
270 9 127 24 122
271 20 99 23 87
272 28 96 1 86
273 5 99 8 90
274 11 108 19 101
275 27 95 17 70
276 12 103 13 91
277 16 97 21 95
278 8 106 28 105
279 22 103 29 94
280 27 103 15 83
281 25 123 12 111
282 2 114 26 97
283 20 108 3 91
284 30 109 24 106
285 9 102 17 95
286 1 100 14 87
287 11 100 7 96
288 19 114 6 108
289 8 108 23 105
290 10 112 28 109
291 4 102 5 96
292 11 120 26 113
293 16 99 6 84
294 25 109 18 103
295 17 106 20 91
296 27 108 2 105
297 29 122 12 119
298 13 103 22 101
299 15 95 24 93
300 9 111 14 91
301 10 114 3 98
302 7 116 30 104
303 21 98 26 95
304 27 119 23 68
305 4 104 9 84
306 30 114 16 103
307 7 104 20 97
308 28 102 14 93
309 2 111 19 93
310 24 103 5 101
311 17 90 25 88
312 13 110 18 106
313 6 105 25 100
314 10 131 12 123
315 3 110 11 105
316 21 125 15 88
317 22 85 8 74
318 26 114 29 106
319 2 105 5 100
320 11 109 30 103
321 4 99 16 81
322 15 93 9 92
323 28 97 27 94
324 13 109 17 95
325 18 123 14 122
326 24 107 22 104
327 29 106 20 85
328 1 98 7 95
329 3 100 23 91
330 5 83 13 80
331 21 107 1 94
332 26 99 20 97
333 12 96 16 83
334 6 111 22 76
335 9 107 23 95
336 10 124 2 119
337 28 90 17 83
338 19 107 30 105
339 4 123 15 99
340 8 111 18 108
341 21 94 29 90
342 25 106 24 96
343 27 109 14 87
344 13 105 3 100
345 2 98 4 93
346 9 118 12 96
347 27 103 1 78
348 5 98 19 94
349 11 126 14 97
350 30 114 7 111
351 17 108 10 95
352 20 112 25 110
353 24 108 18 101
354 16 100 15 97
355 28 96 23 76
356 21 104 29 98
357 12 106 28 90
358 13 105 9 103
359 22 105 3 82
360 16 100 1 88
361 5 115 23 96
362 15 112 30 95
363 7 104 24 94
364 27 118 29 81
365 8 114 11 108
366 25 105 19 101
367 6 89 2 77
368 8 112 18 100
369 26 107 11 97
370 14 113 17 95
371 12 107 7 81
372 22 113 4 98
373 9 119 2 116
374 16 104 3 98
375 20 107 18 102
376 1 127 23 106
377 5 98 15 85
378 21 106 25 90
379 27 114 30 95
380 19 104 29 94
381 10 128 24 103
382 13 103 17 90
383 4 109 28 99
384 6 104 21 100
385 11 107 14 87
386 12 104 3 97
387 22 102 25 94
388 20 107 23 97
389 1 109 2 101
390 9 147 5 144
391 28 108 16 94
392 18 99 26 95
393 27 115 13 107
394 7 97 15 88
395 29 97 8 88
396 10 121 17 112
397 24 104 19 88
398 21 118 14 78
399 30 109 4 101
400 20 107 5 91
401 11 107 13 97
402 15 96 12 84
403 16 116 25 109
404 18 100 3 85
405 6 108 23 86
406 17 101 24 95
407 1 103 22 100
408 26 104 28 94
409 19 130 8 125
410 30 113 26 99
411 2 113 18 99
412 22 107 20 99
413 1 106 25 97
414 3 105 5 102
415 11 102 4 95
416 27 106 12 92
417 29 110 24 89
418 21 100 13 99
419 15 104 23 90
420 9 93 16 92
421 28 103 7 99
422 14 111 8 107
423 6 91 20 84
424 26 108 12 106
425 22 104 11 101
426 30 100 15 91
427 2 102 4 89
428 7 119 3 118
429 1 107 9 100
430 19 115 25 89
431 17 113 23 100
432 27 108 18 83
433 8 104 24 96
434 10 103 29 85
435 21 120 14 85
436 16 94 19 88
437 5 105 21 96
438 10 89 6 83
439 11 88 27 84
440 13 94 14 84
441 30 111 3 96
442 28 111 17 90
443 19 110 11 108
444 16 108 22 101
445 4 98 15 92
446 1 117 20 98
447 2 99 9 93
448 12 102 18 88
449 7 118 5 111
450 27 101 8 86
451 23 111 24 104
452 13 109 29 104
453 25 105 6 76
454 15 112 14 96
455 2 100 20 91
456 21 122 8 112
457 25 98 26 94
458 12 93 1 87
459 22 104 19 89
460 13 108 30 91
461 4 108 14 98
462 3 111 16 105
463 5 104 28 97
464 7 103 17 93
465 27 101 18 95
466 6 101 24 97
467 29 95 23 91
468 10 122 26 103
469 20 108 9 96
470 1 121 11 115
471 21 131 17 123
472 15 99 16 90
473 6 93 8 87
474 22 100 3 93
475 13 122 4 117
476 14 112 2 104
477 28 94 30 91
478 5 102 12 100
479 18 94 29 80
480 7 114 10 91
481 27 112 24 79
482 25 110 8 103
483 23 110 26 105
484 9 115 18 90
485 17 120 12 116
486 10 114 11 110
487 13 95 19 89
488 21 110 24 106
489 29 109 25 96
490 30 103 22 91
491 16 106 7 82
492 28 104 4 94
493 5 108 20 81
494 14 93 23 84
495 3 100 2 97
496 26 142 24 119
497 12 94 9 82
498 21 109 4 90
499 6 104 22 79
500 17 95 18 85
501 19 105 7 98
502 27 121 11 103
503 29 92 15 87
504 10 111 8 108
505 13 130 23 99
506 20 111 1 97
507 5 115 28 113
508 16 97 30 75
509 25 112 8 106
510 14 97 24 77
511 6 122 28 100
512 23 109 18 99
513 9 115 22 89
514 16 103 12 100
515 2 103 3 94
516 27 123 17 98
517 26 116 21 104
518 11 93 29 91
519 15 91 25 78
520 10 111 4 101
521 20 107 1 101
522 5 117 17 106
523 7 117 26 116
524 10 109 14 88
525 20 98 16 90
526 12 95 22 86
527 6 121 30 115
528 9 99 2 94
529 28 91 3 74
530 7 100 19 91
531 8 78 18 74
532 27 123 29 98
533 24 111 4 102
534 21 112 15 94
535 13 109 25 98
536 1 126 23 98
537 5 101 2 92
538 11 103 29 94
539 26 118 14 115
540 28 97 30 88
541 22 83 3 77
542 12 91 19 86
543 17 96 7 95
544 6 125 18 99
545 15 91 8 84
546 27 100 20 99
547 16 103 24 95
548 10 128 25 108
549 21 117 14 113
550 13 97 4 83
551 1 120 5 105
552 30 105 22 99
553 9 103 3 89
554 28 108 23 95
555 29 98 16 83
556 10 128 26 116
557 13 114 19 111
558 7 93 18 87
559 6 95 23 85
560 15 101 2 98
561 11 107 12 103
562 20 100 17 88
563 8 95 4 92
564 25 115 21 110
565 29 86 14 74
566 27 106 3 79
567 30 114 5 100
568 10 111 16 103
569 12 116 24 97
570 27 109 9 99
571 20 120 2 114
572 17 106 5 101
573 21 101 18 96
574 11 107 15 91
575 6 110 7 107
576 14 95 19 91
577 30 106 17 101
578 4 107 1 84
579 3 110 20 104
580 2 103 12 94
581 11 107 18 104
582 21 108 7 89
583 8 112 10 110
584 25 99 29 85
585 19 109 26 97
586 13 104 16 90
587 28 106 22 103
588 5 115 23 111
589 27 99 6 95
590 15 103 9 101
591 26 103 29 101
592 10 116 14 98
593 30 118 12 104
594 21 113 18 93
595 2 117 24 103
596 25 116 3 104
597 19 109 4 107
598 7 83 5 77
599 17 108 1 101
600 16 98 8 95
601 6 91 11 77
602 2 119 30 117
603 17 105 4 92
604 1 114 3 86
605 9 113 10 95
606 23 114 25 89
607 15 103 20 95
608 29 109 14 82
609 26 110 13 103
610 18 117 24 87
611 27 112 7 83
612 21 99 16 74
613 8 129 12 126
614 11 112 14 95
615 20 119 23 113
616 25 108 30 98
617 4 124 29 119
618 15 101 19 99
619 5 111 9 101
620 1 98 22 81
621 28 112 3 100
622 10 132 6 98
623 7 118 2 113
624 13 140 11 132
625 17 91 16 79
626 19 114 18 99
627 21 110 8 104
628 12 97 24 94
629 23 96 22 87
630 30 106 16 87
631 6 91 3 78
632 20 118 29 111
633 28 115 2 109
634 10 125 5 94
635 9 123 11 114
636 21 109 4 95
637 7 106 18 94
638 26 112 14 93
639 1 104 25 98
640 19 115 9 99
641 6 115 13 102
642 15 102 8 101
643 26 91 1 88
644 27 117 24 89
645 4 120 22 116
646 2 110 5 101
647 29 108 3 86
648 13 116 20 88
649 11 102 17 98
650 28 101 16 81
651 21 109 7 106
652 10 122 12 110
653 27 108 14 95
654 19 116 17 99
655 4 97 20 84
656 18 106 15 101
657 5 96 6 83
658 24 98 1 95
659 8 104 9 101
660 25 121 14 103
661 26 108 12 97
662 11 115 7 104
663 3 116 21 106
664 28 112 13 94
665 2 112 23 92
666 6 114 18 107
667 2 116 30 91
668 11 112 19 111
669 16 89 5 84
670 15 108 22 102
671 1 119 8 105
672 9 95 29 92
673 4 129 26 128
674 10 120 27 90
675 13 91 12 89
676 23 113 24 103
677 16 102 3 98
678 21 128 20 122
679 28 106 30 89
680 17 107 22 100
681 25 112 26 97
682 7 92 14 90
683 6 115 24 93
684 2 111 8 103
685 9 110 23 97
686 13 85 1 83
687 21 126 18 123
688 27 130 11 99
689 29 102 4 73
690 10 127 7 107
691 12 111 1 92
692 8 117 30 113
693 19 114 26 105
694 28 103 20 93
695 15 103 17 83
696 5 114 14 91
697 2 113 22 94
698 6 114 9 106
699 20 102 24 84
700 16 107 17 103
701 21 116 11 108
702 7 91 3 79
703 29 103 18 90
704 25 109 4 91
705 13 105 14 93
706 10 108 23 105
707 28 111 9 107
708 19 105 3 103
709 12 109 8 105
710 30 123 11 122
711 15 121 26 117
712 6 117 27 103
713 13 120 5 93
714 16 105 1 87
715 22 119 2 114
716 7 91 24 78
717 10 116 20 95
718 25 96 18 93
719 4 101 14 82
720 6 111 12 106
721 9 105 3 100
722 1 112 7 97
723 15 110 19 95
724 21 114 30 98
725 27 107 22 92
726 8 112 28 93
727 29 105 5 96
728 26 111 17 104
729 2 97 20 89
730 11 115 16 102
731 28 104 24 97
732 25 107 17 95
733 14 119 18 115
734 1 124 23 86
735 4 106 6 97
736 2 102 9 95
737 12 114 3 100
738 21 117 22 114
739 10 134 30 121
740 16 93 7 90
741 27 110 19 97
742 29 85 8 81
743 5 107 26 102
744 18 108 13 102
745 9 111 20 105
746 14 99 19 96
747 28 110 25 103
748 11 111 24 105
749 1 102 12 96
750 13 107 22 93
751 30 106 23 94
752 16 98 4 95
753 2 104 6 103
754 3 128 26 119
755 15 91 20 85
756 8 115 5 110
757 29 84 17 81
758 27 116 7 90
759 25 96 11 79
760 12 112 9 104
761 4 108 30 104
762 6 99 19 84
763 23 103 3 98
764 18 112 5 105
765 7 114 15 110
766 27 106 14 102
767 10 116 21 108
768 29 98 24 89
769 2 128 26 119
770 8 101 20 96
771 22 96 1 94
772 13 100 16 93
773 6 120 26 100
774 12 89 14 87
775 13 98 23 92
776 4 108 5 91
777 28 103 9 89
778 3 105 8 104
779 22 117 1 110
780 19 116 18 102
781 25 112 15 106
782 21 122 24 106
783 27 119 16 101
784 17 112 2 111
785 30 111 20 108
786 29 121 7 119
787 10 123 11 110
788 4 117 12 95
789 27 98 22 96
790 26 114 23 110
791 2 139 13 134
792 8 103 9 92
793 15 109 3 90
794 19 100 29 96
795 1 113 5 90
796 6 120 14 111
797 18 117 28 112
798 10 112 24 104
799 25 116 11 103
800 17 99 30 92
801 21 121 19 95
802 6 106 5 95
803 13 105 27 86
804 30 103 29 89
805 22 110 7 104
806 30 98 9 86
807 3 109 20 98
808 16 115 1 111
809 19 121 23 114
810 5 116 28 106
811 4 98 17 95
812 12 101 21 98
813 15 109 18 104
814 11 116 24 100
815 25 137 10 105
816 26 116 8 110
817 27 119 14 113
818 29 111 2 93
819 17 117 1 109
820 16 114 30 94
821 20 103 18 95
822 10 115 13 112
823 19 111 9 106
824 6 115 21 92
825 2 121 8 101
826 27 118 24 111
827 4 104 3 96
828 12 105 22 102
829 28 98 15 85
830 7 129 23 103
831 5 126 14 115
832 25 115 29 111
833 9 96 6 88
834 16 101 12 93
835 28 122 20 95
836 10 102 1 92
837 17 108 14 101
838 18 124 2 122
839 13 124 24 84
840 22 124 23 115
841 30 109 19 89
842 26 114 8 110
843 29 117 11 114
844 25 112 3 104
845 6 114 4 103
846 12 108 20 105
847 9 111 23 91
848 10 118 16 112
849 28 114 18 105
850 5 109 30 104
851 15 128 14 119
852 21 116 7 103
853 8 87 13 81
854 27 108 26 92
855 10 130 22 114
856 2 112 17 107
857 19 123 21 119
858 3 116 24 106
859 11 119 25 105
860 27 96 29 78
861 4 96 12 95
862 30 103 23 94
863 20 108 22 95
864 28 99 6 97
865 1 103 5 88
866 7 122 8 116
867 13 117 26 107
868 15 112 14 95
869 2 101 16 89
870 18 112 19 110
871 25 103 5 95
872 27 104 11 94
873 9 102 17 91
874 10 121 21 118
875 24 111 15 106
876 3 98 29 96
877 30 113 6 99
878 1 87 4 76
879 9 114 28 101
880 25 111 12 102
881 22 130 23 116
882 7 128 18 101
883 16 98 20 81
884 6 100 12 96
885 30 116 23 108
886 2 100 29 95
887 17 128 11 121
888 15 103 8 96
889 21 131 26 116
890 13 105 3 95
891 4 126 24 92
892 16 129 5 111
893 25 104 20 85
894 7 121 22 108
895 10 109 1 105
896 14 107 3 101
897 22 102 5 89
898 4 119 23 99
899 2 116 25 93
900 28 104 29 94
901 11 100 19 95
902 12 104 17 99
903 30 104 18 98
904 15 104 26 98
905 27 97 9 81
906 8 117 14 107
907 13 103 21 98
908 16 108 24 92
909 27 94 19 86
910 26 104 7 101
911 10 121 21 106
912 24 102 22 84
913 16 112 23 102
914 4 108 12 101
915 2 105 20 104
916 28 117 25 115
917 6 108 30 83
918 17 116 18 101
919 15 94 29 88
920 3 121 8 120
921 1 106 14 77
922 29 106 19 94
923 6 120 2 103
924 20 102 9 89
925 12 100 30 99
926 18 132 3 118
927 5 108 11 100
928 27 104 26 94
929 1 107 13 97
930 14 112 10 95
931 21 104 17 96
932 24 109 15 100
933 8 116 7 114
934 9 123 25 103
935 16 103 23 98
936 11 113 28 107
937 15 106 6 103
938 12 99 27 91
939 4 108 18 103
940 19 115 26 112
941 5 100 17 90
942 13 109 7 90
943 10 119 22 113
944 28 104 3 99
945 27 116 18 91
946 8 110 20 94
947 1 91 29 84
948 25 116 30 109
949 14 107 22 98
950 17 114 16 108
951 11 118 23 104
952 4 122 19 113
953 2 116 15 96
954 9 102 7 96
955 21 120 13 108
956 20 128 24 97
957 6 120 26 111
958 10 115 29 94
959 28 104 1 96
960 27 109 5 101
961 8 116 24 98
962 6 120 14 108
963 23 95 3 89
964 4 118 9 103
965 11 102 2 98
966 16 118 5 96
967 18 99 21 96
968 15 121 19 114
969 29 114 30 93
970 22 107 26 100
971 10 128 25 112
972 13 101 20 94
973 12 112 7 105
974 9 125 23 111
975 28 112 16 104
976 4 125 11 109
977 1 95 15 83
978 17 103 19 92
979 27 93 21 85
980 8 116 30 100
981 10 123 24 116
982 25 121 22 84
983 6 114 13 90
984 1 104 12 75
985 29 108 26 99
986 17 109 3 100
987 20 90 14 87
988 30 124 9 81
989 7 107 4 96
990 16 124 8 119
991 5 109 28 107
992 11 130 15 81
993 21 128 25 94
994 29 94 6 85
995 24 107 18 104
996 10 125 19 107
997 12 103 2 98
998 22 116 8 110
999 3 131 23 114
1000 28 107 17 89
1001 27 108 13 87
1002 26 106 14 98
1003 10 122 23 92
1004 10 116 23 90
1005 10 121 23 70
1006 10 102 23 81
1007 10 128 23 94
1008 10 127 23 81
1009 10 106 23 85
1010 10 129 23 86
1011 10 110 23 90
1012 10 125 23 89
1013 10 106 23 82
1014 10 105 23 92
1015 10 107 23 88
1016 10 109 23 70
1017 10 121 23 90
1018 10 106 23 93
1019 10 125 23 85
1020 10 119 23 94
1021 10 115 23 74
1022 10 125 23 70
1023 10 120 23 97
1024 10 111 23 86
1025 10 129 23 79
1026 10 101 23 89
1027 10 118 23 81
1028 10 112 23 77
1029 10 112 23 87
1030 10 107 23 78
1031 10 129 23 72
1032 10 121 23 92
1033 10 104 23 89
1034 10 120 23 80
1035 10 115 23 88
1036 10 124 23 92
1037 10 117 23 88
1038 10 100 23 78
1039 10 101 23 89
1040 10 112 23 72
1041 10 125 23 78
1042 10 129 23 90
1043 10 111 23 93
1044 10 111 23 97
1045 10 102 23 86
1046 10 129 23 80
1047 10 129 23 74
1048 10 112 23 92
1049 10 114 23 95
1050 10 106 23 86
1051 10 110 23 71
1052 10 113 23 95
1053 10 117 23 94
1054 10 113 23 96
1055 10 117 23 86
1056 10 102 23 96
1057 10 118 23 90
1058 10 120 23 75
1059 10 129 23 84
1060 10 104 23 82
1061 10 122 23 81
1062 10 125 23 87
1063 10 108 23 70
1064 10 106 23 92
1065 10 127 23 94
1066 10 123 23 87
1067 10 124 23 88
1068 10 106 23 93
1069 10 126 23 93
1070 10 110 23 80
1071 10 116 23 80
1072 10 102 23 74
1073 10 116 23 71
1074 10 101 23 77
1075 10 113 23 83
1076 10 110 23 92
1077 10 111 23 70
1078 10 109 23 87
1079 10 109 23 87
1080 10 104 23 92
1081 10 114 23 87
1082 10 107 23 88
1083 10 117 23 84
1084 10 107 23 93
1085 10 109 23 72
1086 10 126 23 79
1087 10 112 23 96
1088 10 129 23 93
1089 10 106 23 82
1090 10 119 23 80
1091 10 112 23 89
1092 10 121 23 77
1093 10 88 23 126
1094 10 92 23 121
1095 10 77 23 102
1096 10 70 23 104
1097 10 82 23 113
1098 10 90 23 118
1099 10 75 23 107
1100 10 89 23 104
1101 10 94 23 101
1102 10 90 23 101
